301 4797
301 2700
301 2703
301 2708
301 2709
301 2960
301 3565
301 3434
301 3437
301 2968
301 4207
301 1742
301 4247
301 4252
301 4253
301 4263
301 4288
301 1863
301 1887
301 2570
301 2578
301 2579
301 109
301 125
301 211
301 240
301 241
301 250
301 251
301 256
301 259
301 273
301 287
301 297
301 307
301 94
301 5036
301 5042
301 5052
301 2873
301 2124
301 1006
301 1009
301 1013
301 1033
301 1040
301 1055
301 1056
301 1057
301 4153
301 4157
301 4158
301 4184
301 4187
301 4188
301 4191
301 4192
301 2336
301 2886
301 2955
301 3325
301 3354
301 3355
301 3360
301 3362
301 3368
301 2385
301 2506
301 2728
301 4849
301 4858
301 4868
301 4874
301 4894
301 4895
301 4899
301 4905
301 4927
301 4930
301 4933
301 4948
301 2854
301 2855
301 2856
301 2861
301 2662
301 3256
301 3313
301 3322
301 4073
301 4198
301 4203
301 3384
301 3388
301 3427
301 3430
301 4128
301 4136
301 4145
301 2738
301 2768
301 2820
301 1752
301 1755
301 1894
301 2583
301 2585
301 2589
301 2591
301 2649
301 2650
301 2659
301 2677
301 3438
301 3460
301 3458
301 3461
301 3465
301 7674
301 7183
